6
5
9 4 11 6 8
2 2 1 2 1 2 1 2 2
2 2 2 2
1 1 1 2 1 1 2 2 2 2 1
2 1 1 2 1 2
1 2 2 2 1 2 2 1
5
3 10 9 4 8
1 2 2
1 1 1 1 1 1 2 1 2 1
2 2 1 1 1 2 2 1 1
2 2 1 2
2 1 2 2 1 1 2 2
3
6 9 11
5 8 3 10 3 3
3 10 8 3 3 7 5 10 3
5 8 3 10 3 3 10 3 10 8 7
5
9 6 6 11 9
6 8 1 2 7 11 7 2 5
6 8 1 2 7 11
6 8 1 2 7 11
6 8 1 2 7 11 7 2 5 9 11
6 8 1 2 7 11 7 2 5
4
8 9 6 9
6 6 6 7 8 2 5 6
6 6 6 7 8 2 5 6 5
6 6 5 7 5 8
6 6 6 7 8 2 5 6 5
4
11 12 157 1
27 36 79 74 51 58 18 95 5 29 100
98 80 88 1 13 96 24 60 56 47 77 87
65 13 96 74 72 50 51 66 21 58 98 75 49 97 59 98 15 37 84 16 55 93 3 49 18 2 96 59 85 59 97 49 43 27 19 99 79 40 70 84 64 15 46 1 98 27 64 78 40 7 64 44 93 5 56 24 88 70 83 92 17 16 96 78 33 71 33 11 34 26 17 80 90 77 37 90 20 45 61 46 76 66 15 32 72 1 81 15 86 18 23 86 26 29 26 26 38 80 24 64 64 40 92 91 30 77 30 31 70 23 37 13 68 72 61 76 96 14 11 58 12 14 77 38 10 29 94 97 48 41 41 92 78 36 33 77 95 91 6 98 17 55 54 34 37 61 20 62 62 26 20 48 32 74 73 27 36
47
